process01 22 1 20
process02 125 1 100
process03 100 1 20
process04 200 1 100
process05 200 1 20
process06 300 1 100
process07 1000 1 20
process08 1000 1 100
process11 508 486 20
process12 616 486 100
process13 586 486 20
process14 686 486 100
process15 706 486 20
process16 786 486 100
process17 1200 486 20
process18 1200 486 100
process21 991 971 20
process22 1101 971 100
process23 1071 971 20
process24 1171 971 100
process25 1191 971 20
process26 1271 971 100
process27 2000 971 20
process28 2000 971 100
process31 1476 1456 20
process32 1586 1456 100
process33 1556 1456 20
process34 1656 1456 100
process35 1676 1456 20
process36 1756 1456 100
process37 2000 1456 20
process38 2000 1456 100
process41 1961 1941 20
process42 2071 1941 100
process43 2041 1941 20
process44 2141 1941 100
process45 2161 1941 20
process46 2241 1941 100
process47 3000 1941 20
process48 3000 1941 100
process51 2446 2426 20
process52 2556 2426 100
process53 2526 2426 20
process54 2626 2426 100
process55 2646 2426 20
process56 2726 2426 100
process57 3000 2426 20
process58 3000 2426 100
process61 2931 2911 20
process62 3041 2911 100
process63 3011 2911 20
process64 3111 2911 100
process65 3131 2911 20
process66 3211 2911 100
process67 4000 2911 20
process68 4000 2911 100
process71 3416 3396 20
process72 3526 3396 100
process73 3496 3396 20
process74 3596 3396 100
process75 3616 3396 20
process76 3696 3396 100
process77 4000 3396 20
process78 4000 3396 100
process81 3911 3891 20
process82 4021 3891 100
process83 3991 3891 20
process84 4091 3891 100
process85 4111 3891 20
process86 4191 3891 100
process87 5000 3891 20
process88 5000 3891 100
process91 5020 5000 20
process92 5130 5000 100
process93 5100 5000 20
process94 5200 5000 100
process95 5220 5000 20
process96 5300 5000 100
process97 6000 5000 20
process98 6000 5000 100