process01 22 1 20
process02 125 1 100
process03 100 1 20
process04 200 1 100
process05 200 1 20
process06 300 1 100
process07 1000 1 20
process08 1000 1 100
process11 508 486 20
process12 611 486 100
process13 586 486 20
process14 686 486 100
process15 686 486 20
process16 786 486 100
process17 1200 486 20
process18 1200 486 100
process21 1022 1000 20
process22 1125 1000 100
process23 1100 1000 20
process24 1200 1000 100
process25 1200 1000 20
process26 1300 1000 100
process27 2000 1000 20
process28 2000 1000 100